algorithm:A* 0
sequence:1-F-3
time:0.00299835205078125
nodes:1

memory:1

algorithm:A* 1
sequence:1-F-3
time:0.003996849060058594
nodes:1

memory:1

algorithm:UCS
sequence:1-F-3
time:0.002998828887939453
nodes:1

memory:1

